d <- c(1,4,3,7,8)
d                       # 벡터 전체를 출력
d[1]
d[2]
d[3]
d[4]
d[5]
d[6]