v1 <- c(1,5,7,8,9) 
v1                         
v1[2] <- 3                 # v1의 두 번째 값을 3으로 변경
v1                         
v1[c(1,5)] <- c(10,20)     # v1의 1, 5번째 값을 각각 10, 20으로 변경
v1    
v1 <- c(100,200,300)       # v1의 내용을 100, 200, 300으로 변경
v1                    