weight <- c(62.5, 63, 62.5, 62, 61.5, 62, 63)
