d <- c(1,4,3,7,8)
2*d 
d-5
3*d + 4