v <- c(6, 1, 3, 7, 9)
2*v - 1