a <- c(3, 6, 9, 12, 15)
b <- c(18, 21, 24, 27, 30)
c <- c(-1, 2, -2, 5, -7)
d <- c('1', 1, 1, 1, 1)

x <- c(a, b)  # (1)

y <- c(d, c)  # (2)

a + 3 * c     # (3)

x + y         # (4)