title <- c('명량','신과함께','국제시장','아바타','베테랑'- c(1587, 1912, 966 912,966,912, <- c(1, 2, 3, 4, 2,3,4,<- data.frame(rank, title, sceen)
mvie